3
33
34
105
134
145
148
163
167
172
181
230
234
236
293
302
323
344
374
384
389
406
484
500
541
561
569
603
620
647
649
655
656
671
675
677
685
692
699
723
760
764
788
834
850
905
914
934
940
996
1024
1049
1052
1073
1118
1125
1148
1202
1215
1225
1242
1272
1278
1279
1297
1370
1430
1441
1448
1476
1481
1500
1513
1619
1632
1641
1649
1662
1670
1679
1689
1730
1786
1792
1809
1879
1924
1944
1968
1977
1981
1995
1998
1999
2018
2054
2065
2099
2117
2126
2138
2140
2146
2147
2178
2204
2216
2232
2236
2247
2253
2261
2262
2308
2323
2326
2327
2328
2345
2348
2357
2368
2379
2433
2436
2439
2442
2444
2446
2457
2478
2503
2519
2521
2540
2600
2610
2618
2645
2662
2668
2677
2680
2691
2698
2700
2705
2719
2730
2736
2756
2774
2785
2798
2813
2829
2850
2898
2925
2927
2941
2993
3049
3059
3061
3091
3115
3179
3188
3191
3204
3243
3286
3315
3327
3336
3339
3344
3367
3368
3378
3412
3457
3471
3547
3558
3577
3585
3617
3619
3631
3661
3666
3721
3758
3763
3807
3827
3844
3845
3874
3897
3955
3961
3986
3990
3991
3992
4011
4053
4083
4126
4132
4155
4160
4178
4180
4198
4225
4243
4247
4253
4255
4258
4259
4260
4342
4354
4369
4371
4420
4421
4530
4550
4565
4584
4606
4641
4658
4705
4714
4724
4725
4727
4740
4781
4782
4799
4826
4854
4908
4932
4938
4946
4958
5042
5053
5075
5094
5099
5139
5156
5160
5173
5201
5222
5227
5234
5289
5292
5303
5339
5340
5353
5393
5415
5422
5424
5429
5458
5480
5496
5554
5561
5577
5597
5620
5627
5637
5689
5702
5709
5714
5720
5751
5805
5826
5844
5847
5860
5870
5911
5928
5938
5953
5969
5983
5994
5995
6025
6026
6027
6043
6053
6072
6117
6136
6164
6219
6258
6271
6297
6373
6382
6448
6514
6540
6555
6579
6605
6608
6629
6644
6646
6655
6693
6724
6727
6750
6758
6796
6804
6805
6823
6842
6865
6875
6876
6902
6929
6933
6957
6960
7002
7011
7033
7056
7071
7108
7112
7115
7124
7157
7159
7196
7198
7215
7220
7270
7282
7285
7314
7353
7359
7372
7375
7416
7421
7447
7449
7464
7515
7518
7547
7577
7595
7636
7661
7664
7680
7726
7727
7741
7743
7748
7775
7781
7810
7814
7830
7838
7850
7856
7882
7893
7903
7924
7942
7953
7960
7963
7985
8001
8007
8013
8016
8074
8078
8119
8124
8128
8144
8184
8201
8209
8211
8224
8299
8306
8371
8381
8417
8418
8440
8448
8473
8475
8488
8500
8503
8504
8507
8531
8535
8553
8565
8573
8581
8594
8605
8671
8675
8758
8772
8784
8831
8915
8922
8929
8954
8998
9064
9071
9083
9088
9115
9172
9176
9213
9217
9227
9233
9242
9265
9271
9275
9281
9300
9308
9316
9333
9381
9382
9423
9426
9427
9475
9485
9492
9493
9495
9517
9524
9542
9555
9564
9576
9584
9605
9612
9621
9650
9668
9670
9686
9712
9749
9750
9755
9805
9808
9814
9818
9827
9845
9879
9883
9886
9906
9917
9932
9945
10013
10014
10046
10050
10052
10055
10072
10088
10104
10108
10143
10146
10149
10156
10238
10268
10282
10290
10292
10357
10364
10369
10393
10396
10434
10448
10488
10520
10535
10548
10549
10557
10560
10573
10598
10606
10617
10708
10709
10756
10760
10768
10812
10813
10845
10885
10901
10910
10913
10977
11028
11038
11047
11049
11051
11101
11102
11106
11124
11139
11190
11195
11197
11216
11234
11269
11299
11324
11341
11366
11371
11404
11416
