184
243
354
378
424
458
475
776
1018
1066
1096
1263
1305
1324
1447
1676
2121
2158
2230
2364
2458
2466
2486
2637
2692
2875
2889
2893
2948
3020
3133
3276
3288
3354
3371
3387
3408
3417
3446
3567
3581
3641
3922
4193
4254
4282
4398
4463
4491
4504
4521
4603
4609
4773
4812
4882
5035
5050
5093
5163
5229
5280
5693
5821
6121
6602
6782
6981
7084
7297
7403
7521
7538
7705
7736
7804
7860
8019
8116
8258
8353
8435
8458
8551
8596
8697
8801
8979
9045
9050
9237
9258
9519
9602
9631
9651
9791
9898
9973
9986
10006
10305
10316
10640
10824
10911
11274
11310
