54
73
83
90
120
160
173
215
255
286
287
289
295
345
352
357
361
362
405
408
425
431
515
544
572
646
654
661
664
687
716
718
725
763
766
769
781
792
820
863
946
971
974
983
1013
1016
1023
1051
1113
1119
1130
1136
1138
1166
1190
1195
1198
1211
1236
1243
1260
1265
1287
1314
1317
1329
1344
1361
1380
1396
1399
1460
1469
1473
1505
1508
1542
1572
1585
1600
1601
1663
1673
1675
1688
1701
1702
1715
1742
1743
1746
1758
1785
1803
1808
1858
1870
1874
1882
1893
1917
1930
1940
1951
1987
2003
2006
2044
2055
2078
2086
2094
2102
2104
2113
2135
2160
2165
2190
2206
2209
2292
2304
2319
2321
2333
2342
2354
2367
2375
2383
2388
2393
2415
2419
2434
2491
2501
2523
2545
2566
2574
2579
2587
2615
2678
2745
2763
2821
2851
2854
2864
2876
2891
2951
2961
2970
3007
3028
3071
3089
3118
3136
3139
3160
3181
3186
3195
3215
3216
3248
3256
3272
3296
3330
3356
3370
3456
3474
3475
3481
3516
3530
3561
3603
3643
3655
3673
3674
3679
3692
3740
3768
3794
3815
3829
3839
3889
3898
3899
3918
3937
3959
3967
3971
3973
4004
4045
4048
4081
4082
4102
4133
4137
4148
4163
4205
4210
4213
4228
4238
4264
4270
4273
4281
4313
4316
4322
4333
4345
4359
4404
4430
4447
4452
4487
4557
4560
4566
4585
4589
4601
4614
4618
4640
4644
4686
4720
4726
4739
4744
4745
4775
4796
4808
4819
4827
4837
4852
4860
4869
4907
4966
4996
5014
5057
5070
5074
5097
5106
5126
5140
5169
5190
5200
5204
5215
5224
5245
5260
5270
5277
5279
5294
5309
5310
5346
5356
5407
5450
5486
5493
5547
5567
5645
5652
5665
5704
5719
5746
5773
5778
5788
5797
5807
5810
5824
5833
5836
5838
5872
5883
5981
6035
6076
6096
6108
6137
6155
6156
6158
6176
6226
6245
6283
6317
6339
6340
6366
6387
6451
6453
6454
6456
6488
6489
6490
6504
6528
6536
6559
6566
6577
6593
6596
6610
6641
6722
6773
6783
6785
6787
6797
6801
6815
6817
6819
6821
6826
6831
6836
6871
6924
6936
6944
6965
6996
7000
7003
7017
7022
7025
7034
7048
7049
7078
7079
7096
7097
7156
7175
7202
7243
7253
7283
7315
7342
7418
7434
7465
7497
7551
7570
7575
7604
7621
7642
7654
7698
7718
7732
7760
7764
7773
7806
7834
7851
7869
7878
7889
7896
7915
7918
7949
7954
7973
7978
8006
8096
8130
8145
8148
8168
8172
8203
8236
8243
8246
8265
8272
8288
8303
8367
8372
8402
8403
8405
8412
8422
8432
8449
8463
8464
8474
8493
8495
8512
8522
8534
8569
8570
8645
8668
8687
8703
8730
8731
8737
8746
8747
8753
8776
8795
8800
8806
8809
8827
8845
8848
8849
8861
8879
8884
8900
8914
8930
9051
9059
9069
9085
9111
9126
9161
9186
9208
9221
9245
9286
9296
9322
9340
9353
9430
9437
9448
9451
9468
9473
9497
9520
9537
9546
9556
9560
9575
9604
9674
9695
9697
9729
9733
9747
9752
9772
9822
9847
9891
9897
9966
9980
9989
10001
10015
10024
10069
10081
10084
10124
10133
10183
10194
10201
10212
10221
10243
10263
10302
10312
10408
10413
10422
10456
10461
10523
10525
10558
10675
10686
10688
10697
10705
10710
10719
10731
10737
10738
10749
10794
10797
10846
10854
10866
10874
10891
10897
10903
10921
10927
10933
10957
10991
10995
10999
11032
11043
11063
11098
11138
11163
11249
11278
11285
11291
11327
11336
11355
11362
11378
11382
11421
