21
80
81
97
128
137
203
271
282
332
343
428
532
554
564
568
586
616
636
658
660
818
819
821
835
887
1035
1039
1047
1123
1159
1353
1390
1446
1468
1479
1503
1549
1588
1645
1762
1775
1821
1875
1945
1974
2023
2036
2111
2187
2245
2329
2389
2514
2541
2661
2710
2724
2792
2901
2969
3048
3092
3101
3169
3394
3399
3404
3455
3498
3539
3593
3689
3690
3697
3701
3776
3819
3828
3857
3864
3917
3934
3939
3946
3969
4036
4058
4069
4389
4409
4422
4475
4489
4509
4696
4701
4709
4765
4851
4879
5061
5080
5180
5361
5373
5412
5427
5511
5583
5629
5650
5658
5671
5779
5785
5825
5884
5886
5930
5971
5978
6058
6088
6134
6291
6320
6397
6449
6457
6601
6609
6627
6696
6702
6713
6898
6949
7067
7120
7295
7304
7383
7424
7439
7623
7630
7640
7723
7731
7749
7767
7808
7812
7853
7965
7982
8023
8033
8069
8134
8177
8276
8453
8456
8484
8491
8496
8508
8621
8766
8781
8786
8870
8871
8893
8931
8952
8959
8961
8966
9018
9130
9177
9225
9240
9251
9421
9459
9476
9487
9645
9649
9656
9702
9725
9734
10002
10035
10076
10174
10181
10215
10224
10381
10394
10471
10552
10815
10895
10959
11048
11224
11337
11368
