4
8
10
27
31
40
41
47
49
52
55
60
61
66
70
71
75
76
85
89
91
93
94
96
103
107
113
130
132
151
152
157
164
166
169
183
187
188
198
201
204
207
212
213
218
219
222
224
229
244
248
252
253
263
266
267
269
275
276
277
292
299
301
303
306
312
313
321
328
329
334
337
339
347
350
356
358
364
366
383
386
387
396
401
407
412
413
422
423
426
440
442
444
445
451
454
463
473
477
481
491
494
495
498
502
503
506
513
524
533
534
537
547
562
574
576
578
579
580
584
585
588
591
599
602
604
605
611
614
615
631
632
634
637
650
665
666
667
683
690
696
697
700
704
711
712
714
722
724
728
733
737
738
741
747
748
750
752
755
759
770
772
777
778
779
782
783
785
789
790
794
796
799
801
805
812
813
816
822
823
824
826
841
844
851
852
853
857
858
859
864
869
870
872
881
884
886
895
910
920
922
932
933
943
951
952
953
963
976
986
995
999
1002
1004
1006
1007
1019
1025
1041
1042
1043
1050
1053
1058
1069
1078
1090
1092
1093
1094
1095
1097
1101
1102
1103
1108
1109
1114
1121
1131
1133
1135
1137
1140
1143
1149
1156
1158
1167
1168
1172
1173
1174
1176
1180
1182
1186
1187
1196
1197
1203
1221
1222
1228
1233
1237
1245
1246
1250
1251
1262
1264
1267
1269
1271
1273
1276
1289
1290
1293
1301
1302
1311
1320
1323
1325
1330
1334
1335
1340
1341
1349
1355
1356
1357
1365
1366
1369
1388
1391
1393
1394
1407
1409
1411
1412
1414
1418
1424
1426
1428
1435
1442
1453
1454
1471
1478
1483
1485
1487
1490
1492
1514
1516
1522
1524
1527
1528
1531
1533
1536
1551
1556
1562
1564
1566
1568
1577
1580
1591
1595
1597
1608
1609
1615
1625
1626
1628
1638
1646
1652
1656
1667
1674
1680
1695
1703
1706
1709
1714
1720
1721
1725
1726
1727
1729
1744
1745
1750
1759
1765
1778
1779
1791
1794
1796
1806
1813
1814
1815
1818
1820
1823
1828
1830
1833
1835
1838
1840
1841
1845
1849
1860
1868
1891
1894
1897
1907
1909
1910
1942
1949
1956
1959
1965
1966
1970
1983
1988
2005
2011
2027
2028
2030
2032
2033
2037
2041
2046
2057
2060
2062
2063
2066
2069
2070
2072
2074
2076
2077
2080
2081
2082
2083
2085
2087
2089
2093
2107
2108
2115
2120
2123
2128
2141
2144
2150
2157
2164
2182
2197
2198
2208
2212
2222
2233
2235
2237
2238
2244
2260
2265
2268
2278
2282
2298
2301
2302
2303
2305
2311
2314
2316
2318
2324
2330
2331
2335
2338
2341
2347
2353
2356
2358
2361
2362
2371
2372
2384
2396
2398
2403
2412
2414
2418
2443
2447
2449
2454
2472
2475
2476
2485
2488
2493
2497
2509
2510
2512
2513
2515
2520
2550
2552
2555
2560
2562
2570
2577
2583
2590
2601
2604
2609
2619
2620
2621
2622
2624
2634
2635
2648
2653
2660
2666
2670
2682
2683
2685
2687
2690
2693
2694
2702
2704
2711
2713
2720
2723
2725
2728
2741
2760
2765
2773
2779
2783
2784
2787
2788
2793
2801
2805
2807
2809
2816
2824
2828
2836
2845
2847
2858
2860
2865
2866
2869
2879
2882
2885
2900
2903
2904
2908
2909
2912
2913
2924
2931
2935
2936
2940
2945
2949
2952
2953
2956
2958
2972
2981
2994
2997
2998
3000
3002
3003
3010
3014
3019
3022
3026
3027
3031
3034
3036
3038
3041
3045
3050
3052
3055
3057
3058
3065
3066
3067
3068
3072
3077
3080
3081
3094
3102
3106
3108
3110
3111
3112
3116
3120
3122
3127
3138
3145
3146
3147
3153
3155
3161
3171
3180
3182
3199
3201
3205
3207
3209
3217
3218
3222
3229
3233
3237
3245
3254
3261
3262
3267
3275
3277
3279
3280
3282
3291
3295
3297
3299
3301
3303
3307
3309
3318
3320
3326
3329
3340
3343
3345
3355
3364
3365
3376
3377
3380
3386
3392
3403
3407
3409
3414
3415
3421
3424
3430
3436
3437
3445
3447
3458
3459
3465
3476
3478
3486
3488
3490
3493
3495
3500
3502
3507
3510
3512
3515
3517
3523
3528
3531
3532
3534
3538
3541
3543
3545
3548
3554
3568
3569
3573
3578
3580
3584
3591
3595
3596
3600
3602
3608
3610
3611
3613
3620
3624
3628
3637
3644
3652
3656
3659
3660
3662
3677
3685
3696
3698
3700
3709
3713
3716
3719
3725
3726
3732
3734
3738
3739
3743
3747
3749
3764
3772
3773
3781
3786
3789
3802
3803
3813
3820
3822
3831
3833
3835
3841
3846
3848
3850
3851
3852
3856
3861
3868
3869
3873
3877
3881
3883
3884
3886
3890
3902
3906
3912
3913
3914
3920
3927
3930
3931
3951
3954
3956
3960
3962
3964
3968
3976
3981
3987
3988
3995
4003
4007
4009
4016
4018
4021
4023
4025
4028
4029
4039
4056
4059
4070
4073
4074
4075
4084
4095
4098
4103
4104
4106
4112
4113
4121
4123
4124
4136
4138
4140
4144
4150
4151
4157
4165
4174
4175
4179
4186
4187
4189
4199
4200
4203
4207
4212
4215
4216
4217
4229
4233
4239
4244
4246
4256
4267
4277
4285
4288
4291
4292
4293
4295
4297
4300
4301
4309
4310
4331
4339
4340
4349
4350
4353
4361
4366
4376
4382
4383
4390
4392
4396
4397
4401
4406
4408
4425
4431
4437
4438
4441
4442
4443
4445
4451
4459
4462
4471
4476
4477
4480
4482
4490
4497
4513
4518
4523
4524
4525
4529
4532
4542
4561
4564
4567
4568
4574
4577
4578
4586
4587
4590
4592
4607
4615
4627
4629
4631
4633
4635
4654
4657
4660
4669
4670
4672
4673
4675
4679
4681
4683
4689
4692
4693
4699
4702
4703
4711
4718
4721
4729
4736
4742
4743
4747
4749
4751
4752
4753
4755
4756
4759
4764
4767
4769
4772
4780
4788
4792
4794
4795
4798
4802
4807
4809
4811
4824
4825
4828
4831
4834
4843
4845
4855
4856
4862
4873
4878
4888
4896
4901
4911
4914
4916
4925
4926
4927
4936
4940
4942
4944
4947
4948
4949
4951
4952
4956
4957
4961
4965
4968
4973
4987
4990
4993
5004
5006
5015
5021
5022
5023
5025
5027
5028
5029
5033
5041
5043
5047
5054
5072
5089
5091
5095
5103
5105
5109
5110
5111
5116
5118
5124
5125
5128
5130
5133
5134
5138
5159
5166
5172
5182
5183
5188
5197
5205
5208
5209
5211
5213
5220
5243
5249
5250
5251
5252
5255
5257
5276
5281
5284
5287
5288
5297
5302
5305
5306
5314
5317
5320
5323
5324
5326
5327
5334
5336
5344
5350
5355
5357
5358
5367
5371
5383
5385
5389
5398
5404
5408
5411
5413
5416
5428
5430
5431
5438
5454
5461
5462
5476
5477
5489
5490
5492
5502
5507
5510
5512
5520
5521
5524
5530
5537
5539
5544
5550
5555
5557
5560
5565
5566
5570
5571
5573
5575
5580
5582
5589
5590
5604
5607
5609
5610
5612
5616
5618
5622
5624
5635
5639
5659
5663
5672
5675
5681
5687
5694
5696
5697
5700
5701
5726
5729
5736
5738
5747
5749
5750
5753
5764
5772
5777
5781
5790
5799
5800
5803
5806
5809
5813
5820
5823
5829
5830
5831
5837
5849
5850
5851
5878
5882
5885
5891
5894
5895
5900
5901
5904
5905
5906
5908
5915
5920
5936
5942
5946
5948
5949
5956
5964
5972
5975
5979
5982
5985
5987
5991
5993
5999
6011
6018
6019
6029
6031
6034
6042
6049
6051
6054
6062
6066
6073
6074
6084
6085
6089
6101
6102
6105
6109
6113
6119
6126
6127
6129
6138
6140
6141
6151
6159
6167
6174
6185
6186
6187
6191
6193
6197
6206
6208
6210
6212
6215
6216
6223
6227
6230
6232
6233
6235
6236
6241
6247
6254
6257
6259
6260
6261
6264
6265
6278
6281
6282
6284
6285
6287
6294
6296
6300
6308
6313
6322
6327
6329
6333
6334
6343
6353
6356
6362
6363
6371
6375
6381
6389
6390
6392
6396
6401
6402
6403
6412
6414
6415
6420
6431
6447
6459
6462
6468
6471
6474
6480
6482
6487
6492
6495
6498
6500
6502
6509
6513
6517
6522
6526
6527
6529
6537
6544
6552
6556
6558
6569
6570
6572
6573
6581
6587
6590
6591
6615
6616
6626
6632
6638
6653
6656
6660
6662
6663
6665
6671
6673
6676
6677
6678
6680
6683
6686
6687
6688
6692
6699
6701
6714
6720
6728
6731
6734
6738
6739
6744
6747
6756
6762
6769
6775
6792
6794
6795
6802
6803
6806
6816
6830
6832
6837
6840
6846
6850
6860
6862
6872
6874
6880
6885
6887
6890
6894
6896
6899
6906
6907
6925
6928
6930
6940
6943
6948
6953
6963
6968
6971
6972
6983
6984
6987
6988
6989
6997
7005
7006
7008
7013
7018
7027
7029
7031
7046
7050
7060
7061
7063
7074
7075
7076
7077
7082
7083
7086
7091
7101
7102
7111
7117
7125
7127
7128
7139
7143
7146
7155
7167
7172
7177
7190
7201
7209
7217
7219
7222
7223
7227
7240
7242
7249
7255
7259
7278
7281
7290
7292
7293
7300
7306
7307
7308
7311
7322
7328
7335
7339
7357
7366
7369
7370
7371
7376
7395
7400
7409
7411
7415
7423
7425
7426
7438
7444
7452
7455
7459
7460
7463
7466
7470
7471
7476
7477
7479
7481
7485
7489
7500
7508
7509
7513
7517
7526
7530
7536
7544
7548
7554
7559
7564
7565
7566
7567
7574
7576
7578
7579
7585
7586
7591
7596
7608
7615
7627
7634
7638
7643
7646
7652
7655
7668
7672
7674
7677
7685
7691
7692
7694
7695
7703
7715
7716
7720
7721
7728
7729
7730
7733
7747
7752
7753
7756
7758
7771
7772
7778
7779
7785
7786
7790
7797
7798
7799
7815
7816
7820
7822
7823
7824
7831
7832
7841
7846
7848
7852
7857
7868
7870
7875
7891
7897
7907
7912
7913
7919
7921
7929
7934
7936
7943
7952
7955
7958
7961
7962
7969
7970
7972
7979
7986
7987
7989
7991
7992
7993
8015
8020
8022
8024
8025
8031
8034
8037
8041
8044
8048
8049
8057
8068
8070
8071
8086
8090
8091
8094
8102
8104
8105
8109
8117
8120
8143
8149
8156
8167
8171
8180
8182
8183
8193
8204
8215
8223
8225
8228
8230
8231
8240
8248
8249
8252
8263
8264
8269
8271
8273
8278
8281
8282
8293
8302
8304
8308
8321
8333
8340
8349
8358
8360
8363
8365
8374
8382
8384
8385
8397
8400
8401
8426
8433
8434
8442
8443
8445
8447
8461
8469
8479
8481
8482
8494
8498
8502
8513
8514
8515
8520
8521
8524
8528
8541
8545
8546
8558
8564
8567
8574
8577
8585
8587
8589
8590
8595
8599
8603
8604
8614
8623
8628
8631
8637
8638
8640
8649
8651
8659
8665
8667
8680
8681
8682
8684
8688
8691
8694
8695
8699
8710
8713
8715
8728
8734
8738
8754
8755
8756
8765
8769
8771
8774
8775
8777
8779
8783
8788
8791
8802
8810
8814
8828
8830
8833
8853
8859
8862
8863
8864
8868
8869
8873
8876
8883
8885
8905
8906
8910
8912
8917
8919
8920
8924
8934
8935
8936
8948
8950
8953
8971
8981
8988
8989
8991
8994
9002
9004
9006
9007
9011
9013
9017
9025
9026
9030
9031
9035
9039
9046
9048
9055
9058
9060
9061
9062
9072
9073
9081
9082
9098
9103
9104
9114
9118
9123
9125
9128
9133
9135
9138
9140
9145
9159
9162
9168
9170
9173
9175
9189
9190
9191
9193
9194
9199
9212
9215
9231
9257
9259
9273
9276
9284
9287
9292
9304
9309
9312
9313
9324
9355
9357
9358
9361
9365
9367
9368
9369
9380
9389
9395
9399
9404
9407
9411
9412
9416
9429
9433
9447
9450
9454
9462
9463
9464
9477
9478
9481
9482
9496
9508
9511
9522
9528
9536
9550
9570
9574
9577
9579
9581
9589
9603
9609
9614
9615
9632
9634
9644
9646
9648
9662
9663
9664
9665
9676
9677
9682
9687
9708
9715
9731
9735
9739
9740
9744
9745
9746
9751
9756
9757
9758
9763
9775
9779
9782
9788
9790
9796
9803
9806
9810
9812
9816
9820
9821
9823
9826
9829
9834
9835
9849
9853
9856
9865
9866
9875
9880
9885
9895
9912
9924
9927
9939
9941
9947
9950
9953
9963
9974
9977
9984
9995
10004
10011
10019
10021
10022
10034
10037
10038
10048
10056
10060
10061
10071
10092
10096
10111
10114
10130
10135
10144
10150
10153
10157
10163
10164
10177
10182
10184
10187
10188
10190
10191
10202
10206
10229
10232
10233
10239
10247
10251
10253
10266
10270
10278
10286
10294
10297
10303
10309
10319
10320
10322
10324
10330
10333
10337
10340
10346
10349
10350
10356
10367
10372
10375
10379
10383
10384
10386
10388
10390
10392
10400
10407
10409
10416
10432
10440
10441
10446
10447
10453
10459
10465
10470
10479
10487
10489
10495
10497
10501
10503
10522
10533
10537
10540
10543
10555
10556
10561
10562
10563
10571
10587
10588
10613
10614
10620
10628
10630
10644
10646
10651
10652
10654
10656
10657
10660
10669
10670
10678
10679
10693
10714
10715
10716
10722
10724
10736
10742
10745
10746
10747
10750
10776
10778
10779
10782
10787
10788
10789
10791
10792
10803
10817
10830
10832
10841
10847
10853
10856
10865
10872
10879
10890
10893
10908
10912
10922
10923
10928
10936
10938
10955
10962
10963
10965
10966
10967
10973
10975
10980
10982
10983
10989
11000
11001
11003
11012
11019
11020
11030
11037
11042
11050
11052
11054
11064
11068
11071
11073
11074
11077
11079
11083
11086
11090
11115
11120
11126
11129
11133
11135
11136
11137
11140
11148
11151
11161
11166
11168
11171
11173
11176
11179
11181
11182
11191
11193
11194
11204
11210
11211
11215
11221
11225
11226
11227
11231
11237
11238
11242
11244
11247
11250
11253
11273
11275
11276
11277
11281
11290
11293
11297
11298
11304
11311
11313
11317
11319
11321
11326
11331
11335
11338
11340
11342
11343
11344
11348
11351
11352
11358
11363
11369
11383
11387
11400
11403
11409
11410
11412
11414
