2
6
9
20
22
23
25
26
32
53
56
57
59
69
99
100
101
106
108
115
116
118
125
127
129
139
140
141
154
159
165
170
175
182
192
196
197
206
210
211
237
251
256
257
258
259
265
274
279
283
285
288
291
294
308
311
324
326
330
341
367
368
373
377
380
416
419
433
441
443
450
456
467
480
483
485
493
510
516
523
525
528
531
535
539
546
549
567
577
583
589
612
613
617
621
638
641
642
644
652
659
668
674
678
682
688
702
717
720
727
729
734
735
742
751
753
756
780
787
795
802
803
807
808
828
847
855
856
873
874
882
893
894
897
906
913
917
918
921
924
926
936
941
944
945
955
957
961
962
973
989
990
998
1000
1015
1020
1028
1030
1031
1054
1056
1063
1071
1079
1089
1104
1105
1110
1117
1122
1124
1126
1141
1145
1151
1152
1154
1157
1162
1169
1177
1179
1200
1206
1212
1213
1214
1231
1239
1248
1253
1268
1277
1280
1281
1284
1285
1299
1303
1308
1312
1313
1316
1326
1333
1338
1343
1371
1375
1376
1377
1383
1385
1386
1389
1395
1397
1400
1403
1404
1408
1419
1427
1433
1437
1445
1457
1470
1474
1480
1488
1494
1518
1539
1540
1541
1545
1548
1553
1560
1561
1565
1570
1573
1574
1576
1590
1605
1606
1620
1621
1623
1634
1650
1655
1657
1658
1659
1665
1666
1669
1678
1681
1683
1686
1691
1693
1696
1705
1707
1717
1728
1733
1734
1735
1755
1757
1767
1773
1776
1790
1801
1811
1812
1822
1824
1825
1826
1834
1836
1839
1842
1850
1851
1853
1855
1862
1867
1872
1877
1884
1886
1888
1890
1898
1900
1902
1904
1913
1914
1923
1926
1927
1938
1943
1948
1960
1962
1963
1972
1984
1996
1997
2002
2013
2015
2016
2017
2021
2022
2024
2025
2029
2034
2045
2050
2051
2052
2059
2064
2068
2071
2073
2079
2091
2097
2098
2101
2122
2127
2129
2133
2136
2137
2142
2143
2148
2153
2155
2172
2185
2189
2193
2199
2201
2205
2210
2211
2224
2239
2242
2248
2254
2264
2271
2285
2299
2310
2349
2373
2378
2381
2385
2395
2399
2405
2411
2416
2423
2453
2461
2465
2468
2477
2487
2507
2522
2528
2535
2544
2547
2549
2554
2556
2561
2568
2571
2575
2584
2585
2589
2594
2596
2605
2616
2617
2623
2627
2628
2631
2640
2643
2649
2652
2654
2665
2669
2671
2673
2681
2688
2695
2697
2703
2707
2709
2715
2716
2726
2732
2737
2743
2748
2752
2753
2759
2762
2772
2777
2782
2786
2789
2790
2795
2796
2799
2800
2808
2815
2817
2830
2831
2838
2839
2841
2852
2856
2857
2868
2873
2878
2880
2887
2896
2899
2905
2906
2907
2916
2918
2920
2921
2923
2926
2928
2934
2939
2942
2946
2947
2957
2959
2960
2965
2968
2971
2979
2982
2985
2987
2989
2991
3001
3011
3012
3021
3025
3042
3043
3063
3073
3074
3087
3090
3103
3104
3113
3117
3123
3125
3128
3129
3135
3150
3157
3166
3167
3173
3177
3189
3192
3193
3197
3200
3212
3214
3219
3221
3223
3226
3230
3235
3236
3239
3241
3253
3255
3257
3259
3273
3281
3284
3287
3290
3302
3305
3306
3310
3316
3322
3323
3328
3334
3337
3342
3351
3360
3362
3379
3383
3384
3389
3391
3405
3425
3426
3429
3439
3441
3442
3450
3451
3452
3468
3479
3484
3485
3504
3505
3518
3522
3551
3553
3555
3560
3565
3572
3576
3583
3588
3589
3604
3609
3634
3645
3646
3650
3654
3664
3672
3681
3686
3699
3708
3715
3718
3724
3727
3730
3735
3741
3742
3746
3754
3756
3762
3766
3778
3783
3788
3805
3821
3824
3825
3847
3853
3858
3870
3878
3879
3882
3885
3896
3907
3919
3923
3938
3945
3963
3972
3975
3977
3979
3989
3993
4008
4013
4019
4020
4022
4030
4032
4037
4046
4051
4054
4060
4064
4072
4090
4092
4105
4107
4116
4117
4119
4131
4168
4169
4170
4172
4184
4185
4188
4192
4196
4197
4206
4208
4211
4214
4223
4226
4227
4232
4235
4240
4251
4261
4263
4265
4271
4275
4304
4308
4311
4312
4323
4325
4334
4336
4343
4356
4360
4374
4379
4380
4386
4393
4403
4418
4419
4423
4424
4433
4444
4449
4450
4457
4458
4460
4468
4469
4478
4479
4485
4492
4498
4502
4506
4508
4511
4519
4520
4526
4531
4539
4540
4544
4545
4554
4555
4559
4570
4572
4580
4588
4604
4608
4642
4648
4649
4663
4664
4674
4677
4680
4687
4691
4694
4697
4704
4708
4710
4722
4731
4733
4741
4762
4776
4793
4801
4803
4804
4805
4806
4816
4838
4840
4848
4861
4863
4865
4870
4880
4883
4886
4892
4899
4909
4910
4915
4930
4934
4971
4976
4982
4984
4989
4991
4994
5000
5008
5013
5024
5030
5036
5037
5040
5048
5058
5066
5068
5086
5087
5107
5108
5115
5121
5123
5127
5129
5136
5141
5145
5170
5206
5217
5221
5226
5237
5238
5239
5256
5261
5265
5266
5271
5272
5273
5283
5286
5301
5308
5312
5322
5333
5348
5351
5352
5364
5370
5372
5374
5377
5379
5380
5382
5390
5391
5401
5403
5406
5409
5419
5420
5433
5435
5436
5437
5439
5440
5441
5466
5470
5473
5482
5485
5487
5506
5513
5518
5526
5532
5534
5551
5558
5559
5562
5569
5574
5581
5587
5594
5598
5599
5606
5619
5623
5628
5631
5641
5648
5649
5651
5662
5668
5674
5676
5680
5683
5690
5698
5703
5705
5707
5717
5721
5722
5727
5735
5742
5745
5766
5767
5770
5774
5776
5793
5794
5796
5801
5811
5814
5819
5842
5848
5857
5864
5865
5868
5871
5876
5903
5909
5912
5922
5927
5933
5940
5943
5945
5947
5950
5952
5954
5960
5962
5965
5966
5977
5980
6003
6010
6014
6015
6033
6038
6039
6041
6047
6055
6057
6069
6071
6077
6090
6091
6112
6115
6131
6132
6146
6150
6157
6161
6168
6172
6183
6201
6209
6213
6228
6231
6239
6240
6251
6262
6268
6279
6290
6295
6302
6311
6314
6316
6323
6324
6325
6331
6344
6346
6348
6350
6354
6357
6358
6360
6364
6365
6367
6369
6379
6391
6394
6400
6406
6407
6421
6427
6434
6435
6437
6440
6444
6445
6458
6463
6481
6483
6491
6496
6499
6503
6507
6511
6518
6519
6530
6535
6538
6546
6548
6549
6576
6578
6586
6589
6594
6598
6604
6607
6618
6619
6621
6623
6630
6643
6647
6649
6651
6667
6674
6681
6682
6684
6691
6704
6711
6723
6736
6741
6745
6759
6761
6766
6768
6770
6772
6774
6777
6779
6791
6811
6814
6818
6822
6827
6828
6833
6844
6849
6851
6852
6857
6863
6870
6888
6893
6901
6919
6921
6932
6939
6942
6950
6954
6966
6975
6979
6995
6998
7015
7019
7020
7028
7035
7037
7052
7054
7064
7073
7088
7095
7105
7109
7116
7121
7123
7133
7134
7135
7136
7141
7147
7150
7152
7153
7164
7170
7176
7183
7192
7197
7200
7203
7206
7207
7208
7212
7229
7231
7233
7241
7247
7252
7254
7263
7267
7276
7289
7299
7302
7305
7309
7310
7319
7320
7323
7325
7327
7330
7331
7336
7344
7346
7350
7351
7358
7361
7373
7379
7381
7394
7396
7399
7408
7410
7422
7427
7428
7432
7437
7446
7451
7454
7467
7475
7483
7487
7511
7514
7516
7524
7525
7527
7531
7535
7542
7543
7558
7568
7584
7590
7593
7599
7600
7607
7611
7616
7620
7637
7649
7663
7667
7676
7679
7681
7683
7686
7688
7690
7696
7707
7711
7712
7725
7735
7739
7740
7744
7746
7754
7759
7761
7765
7770
7783
7787
7789
7792
7802
7817
7821
7827
7839
7842
7843
7859
7861
7865
7866
7871
7881
7885
7888
7890
7914
7920
7922
7926
7932
7935
7940
7944
7945
7946
7947
7959
7971
7974
7977
7983
7988
7997
8005
8008
8010
8011
8018
8026
8035
8039
8040
8043
8046
8050
8052
8059
8061
8065
8077
8079
8082
8085
8087
8098
8100
8113
8114
8123
8126
8127
8133
8135
8141
8150
8158
8159
8161
8162
8166
8173
8176
8191
8194
8196
8200
8205
8208
8214
8218
8220
8229
8237
8254
8267
8270
8284
8286
8287
8292
8300
8307
8309
8313
8316
8322
8324
8336
8341
8342
8343
8357
8369
8387
8393
8404
8414
8424
8436
8438
8439
8441
8450
8452
8454
8459
8467
8470
8472
8487
8490
8492
8501
8516
8529
8533
8552
8555
8559
8563
8571
8572
8592
8597
8609
8617
8620
8625
8634
8635
8647
8654
8664
8679
8683
8696
8700
8705
8708
8709
8711
8718
8741
8749
8768
8785
8789
8805
8812
8837
8839
8840
8842
8844
8852
8860
8866
8872
8880
8886
8899
8901
8908
8911
8921
8925
8926
8932
8940
8958
8972
8976
8982
8987
8995
9001
9014
9015
9016
9027
9028
9033
9034
9049
9053
9056
9057
9065
9068
9075
9086
9090
9099
9102
9112
9119
9139
9141
9144
9151
9157
9163
9164
9165
9167
9178
9182
9224
9226
9229
9235
9246
9249
9260
9261
9262
9266
9283
9289
9291
9297
9298
9299
9303
9311
9321
9325
9327
9332
9337
9342
9352
9360
9362
9374
9375
9390
9392
9393
9398
9400
9405
9406
9410
9415
9419
9428
9434
9440
9449
9455
9472
9486
9490
9491
9494
9503
9505
9507
9521
9529
9532
9534
9538
9541
9557
9568
9571
9582
9587
9588
9592
9598
9601
9608
9610
9613
9616
9619
9623
9624
9636
9637
9639
9647
9654
9667
9671
9673
9675
9692
9698
9701
9704
9707
9717
9718
9720
9722
9723
9737
9754
9759
9766
9768
9776
9778
9784
9789
9792
9793
9795
9802
9811
9850
9858
9862
9868
9869
9871
9872
9876
9877
9902
9904
9909
9910
9911
9920
9940
9948
9954
9957
9958
9970
9976
9983
9988
9991
9994
10003
10008
10010
10017
10020
10028
10043
10053
10054
10057
10058
10062
10063
10067
10083
10090
10093
10095
10106
10107
10109
10112
10116
10123
10126
10154
10155
10159
10160
10179
10189
10192
10198
10199
10209
10225
10228
10249
10258
10260
10267
10269
10275
10277
10279
10281
10284
10291
10293
10300
10311
10314
10325
10327
10334
10345
10347
10348
10358
10368
10374
10377
10378
10380
10385
10397
10398
10414
10420
10423
10425
10429
10436
10442
10457
10467
10468
10472
10478
10484
10486
10491
10493
10499
10500
10504
10518
10521
10526
10528
10538
10544
10547
10553
10578
10582
10583
10586
10590
10591
10594
10605
10607
10610
10611
10622
10624
10625
10626
10631
10635
10639
10641
10645
10648
10668
10680
10681
10695
10696
10700
10702
10725
10726
10728
10733
10752
10753
10757
10767
10772
10785
10786
10798
10805
10811
10818
10828
10831
10833
10836
10843
10852
10855
10857
10868
10869
10870
10886
10888
10898
10914
10917
10924
10926
10956
10970
11004
11006
11011
11017
11040
11060
11075
11080
11087
11093
11107
11108
11114
11117
11122
11127
11147
11149
11152
11162
11167
11170
11175
11180
11188
11196
11198
11199
11202
11220
11229
11236
11243
11246
11255
11266
11284
11289
11307
11316
11322
11323
11325
11330
11332
11334
11349
11350
11357
11359
11360
11367
11376
11385
11386
11394
11398
11402
11406
11419
