35
38
48
62
64
78
104
112
114
122
133
150
156
168
180
193
200
209
214
217
221
232
233
235
240
250
260
268
270
272
297
310
318
325
331
333
335
338
351
355
360
379
385
390
414
415
418
420
430
434
446
457
465
470
471
488
489
490
492
499
505
509
527
540
553
563
566
573
587
593
594
597
635
657
669
673
676
691
701
713
726
730
746
754
765
784
793
800
827
830
843
848
862
867
883
888
890
896
901
908
915
927
929
935
937
939
949
964
978
979
980
984
988
1005
1008
1011
1012
1027
1029
1032
1036
1038
1065
1070
1076
1082
1111
1144
1147
1161
1178
1183
1189
1191
1193
1205
1207
1210
1216
1220
1223
1226
1227
1235
1247
1252
1259
1266
1270
1283
1292
1304
1306
1318
1336
1345
1348
1351
1352
1358
1363
1364
1372
1373
1378
1382
1384
1398
1401
1405
1417
1431
1434
1443
1451
1458
1459
1463
1465
1489
1491
1509
1511
1519
1523
1525
1532
1546
1550
1552
1558
1563
1578
1581
1586
1589
1598
1599
1602
1607
1613
1627
1631
1648
1682
1692
1697
1704
1708
1713
1716
1722
1748
1751
1753
1763
1802
1816
1827
1829
1831
1843
1852
1871
1876
1878
1885
1887
1908
1920
1933
1935
1937
1957
2000
2001
2008
2009
2012
2035
2039
2040
2049
2075
2095
2096
2103
2110
2130
2139
2151
2159
2166
2168
2169
2171
2194
2215
2217
2227
2228
2229
2246
2249
2250
2251
2267
2272
2273
2274
2276
2280
2284
2288
2293
2307
2317
2325
2337
2343
2351
2352
2355
2360
2365
2369
2376
2392
2397
2400
2410
2445
2459
2464
2474
2479
2490
2500
2516
2526
2527
2533
2534
2539
2546
2569
2576
2595
2597
2598
2611
2626
2636
2639
2656
2684
2686
2717
2727
2733
2740
2746
2747
2749
2751
2754
2766
2770
2771
2775
2776
2791
2803
2804
2810
2822
2833
2842
2853
2859
2871
2877
2884
2886
2894
2911
2919
2929
2937
2986
2990
3013
3017
3032
3040
3044
3046
3060
3064
3075
3084
3093
3095
3097
3126
3132
3137
3142
3144
3156
3158
3164
3165
3183
3185
3206
3213
3224
3225
3227
3232
3242
3252
3263
3269
3271
3274
3292
3311
3312
3313
3321
3325
3331
3335
3350
3359
3363
3374
3381
3382
3385
3397
3416
3428
3431
3454
3462
3469
3472
3489
3491
3494
3499
3503
3529
3535
3544
3556
3564
3566
3571
3575
3582
3594
3601
3615
3616
3618
3621
3622
3651
3663
3671
3678
3680
3691
3702
3710
3733
3736
3748
3755
3761
3770
3771
3775
3780
3804
3806
3809
3812
3814
3834
3854
3855
3859
3863
3875
3880
3894
3901
3903
3904
3905
3909
3921
3924
3926
3944
3949
3952
3958
3965
3966
3974
3978
3980
3983
4001
4014
4026
4031
4035
4041
4043
4047
4049
4055
4066
4068
4071
4076
4078
4086
4087
4134
4142
4145
4152
4161
4164
4173
4177
4201
4218
4220
4234
4236
4248
4274
4278
4280
4289
4303
4317
4318
4327
4328
4330
4337
4341
4347
4348
4351
4352
4355
4363
4364
4365
4368
4378
4384
4387
4394
4416
4426
4427
4428
4446
4448
4464
4483
4486
4488
4494
4516
4549
4552
4571
4573
4582
4595
4619
4624
4625
4630
4637
4643
4646
4647
4651
4656
4662
4668
4682
4700
4707
4712
4715
4734
4757
4760
4761
4770
4787
4790
4821
4829
4835
4846
4849
4853
4857
4864
4866
4874
4875
4885
4933
4937
4953
4959
4960
4962
4977
4980
4986
4992
4995
4998
5011
5019
5049
5056
5060
5071
5076
5082
5098
5117
5131
5142
5144
5150
5151
5152
5165
5167
5174
5178
5187
5193
5196
5202
5216
5218
5231
5235
5236
5242
5258
5262
5267
5268
5269
5278
5285
5293
5296
5298
5299
5300
5311
5315
5318
5325
5328
5329
5342
5347
5363
5369
5394
5399
5400
5418
5421
5432
5447
5453
5455
5481
5483
5484
5488
5491
5497
5501
5515
5522
5527
5528
5538
5543
5549
5553
5579
5585
5592
5600
5617
5621
5642
5670
5673
5677
5686
5711
5715
5718
5724
5733
5737
5739
5757
5759
5765
5783
5787
5791
5802
5816
5828
5839
5845
5866
5869
5873
5889
5897
5898
5899
5910
5913
5926
5931
5984
5986
5997
6004
6013
6016
6017
6037
6046
6050
6059
6060
6068
6078
6093
6106
6123
6145
6152
6166
6182
6188
6195
6205
6214
6220
6222
6237
6244
6253
6255
6256
6263
6276
6301
6305
6306
6310
6321
6328
6338
6347
6355
6359
6368
6377
6378
6395
6399
6410
6413
6416
6424
6426
6432
6433
6438
6446
6450
6461
6464
6466
6475
6478
6485
6494
6525
6533
6539
6543
6545
6547
6554
6561
6571
6584
6603
6606
6625
6657
6658
6666
6668
6675
6689
6694
6695
6703
6716
6730
6735
6748
6755
6757
6760
6771
6776
6798
6808
6813
6824
6829
6835
6841
6855
6859
6861
6866
6867
6873
6878
6895
6897
6904
6905
6909
6910
6916
6917
6918
6934
6935
6938
6941
6945
6958
6961
6964
6970
6976
6993
6999
7026
7040
7066
7070
7085
7087
7093
7098
7099
7140
7142
7148
7165
7171
7173
7174
7182
7187
7191
7195
7210
7211
7228
7232
7250
7268
7286
7288
7317
7324
7329
7340
7347
7352
7364
7378
7384
7398
7419
7436
7443
7448
7461
7472
7474
7484
7490
7494
7495
7496
7507
7520
7539
7546
7549
7553
7561
7573
7581
7587
7594
7598
7610
7612
7617
7619
7628
7631
7648
7653
7656
7689
7700
7706
7713
7719
7750
7763
7769
7788
7794
7796
7800
7803
7826
7829
7833
7840
7845
7858
7863
7867
7874
7877
7879
7886
7906
7941
7950
7964
7966
7981
7984
7995
8002
8003
8017
8029
8042
8062
8063
8064
8067
8072
8075
8081
8084
8089
8095
8112
8115
8125
8137
8139
8152
8153
8160
8163
8169
8170
8181
8185
8197
8198
8202
8210
8216
8217
8219
8227
8242
8256
8275
8279
8289
8301
8305
8323
8326
8327
8332
8334
8346
8354
8364
8379
8389
8391
8392
8406
8416
8419
8420
8425
8428
8462
8465
8466
8505
8518
8523
8539
8542
8544
8562
8575
8578
8583
8601
8602
8615
8618
8622
8627
8632
8633
8639
8642
8648
8650
8652
8655
8657
8661
8672
8676
8701
8702
8721
8723
8726
8732
8736
8740
8745
8762
8764
8770
8773
8796
8798
8799
8807
8815
8818
8820
8825
8829
8846
8850
8855
8881
8882
8887
8888
8902
8904
8909
8937
8938
8939
8942
8946
8949
8970
8973
8983
9003
9009
9020
9023
9029
9038
9040
9054
9067
9074
9078
9089
9100
9107
9108
9109
9122
9124
9127
9146
9153
9155
9156
9166
9169
9179
9183
9184
9185
9187
9196
9201
9203
9207
9210
9218
9219
9223
9236
9239
9250
9256
9270
9279
9282
9301
9305
9317
9318
9326
9329
9334
9344
9351
9354
9373
9376
9387
9418
9431
9438
9466
9471
9483
9499
9513
9558
9561
9563
9567
9569
9572
9578
9586
9595
9600
9618
9628
9630
9652
9653
9657
9666
9669
9678
9680
9681
9688
9689
9699
9713
9714
9726
9727
9728
9762
9765
9767
9769
9780
9783
9799
9815
9819
9824
9838
9839
9841
9842
9863
9870
9874
9878
9881
9890
9900
9921
9930
9935
9936
9937
9942
9943
9951
9952
9967
9968
9979
9985
9990
9992
9998
10005
10009
10012
10026
10045
10049
10051
10068
10075
10080
10100
10102
10103
10118
10122
10139
10148
10152
10171
10173
10180
10185
10210
10214
10218
10231
10235
10237
10242
10252
10254
10259
10264
10265
10271
10273
10289
10298
10307
10323
10329
10344
10359
10360
10365
10370
10387
10399
10401
10403
10418
10428
10433
10437
10445
10462
10466
10476
10480
10483
10496
10502
10505
10512
10516
10529
10532
10554
10568
10569
10570
10577
10602
10604
10608
10609
10616
10637
10650
10663
10664
10665
10666
10673
10676
10682
10683
10692
10694
10699
10707
10717
10723
10735
10744
10755
10764
10765
10771
10780
10781
10783
10784
10790
10793
10796
10799
10800
10801
10810
10837
10842
10862
10864
10880
10883
10889
10896
10918
10925
10929
10948
10950
10953
10972
10981
10987
10997
11007
11039
11041
11046
11057
11059
11061
11062
11070
11072
11076
11081
11085
11104
11109
11121
11123
11131
11134
11143
11150
11153
11155
11165
11169
11187
11203
11205
11207
11208
11209
11212
11213
11222
11254
11256
11258
11259
11268
11292
11301
11303
11309
11315
11361
11370
11384
11389
11390
11395
11399
11413
11422
