5
12
14
15
16
17
18
19
24
28
29
30
36
37
39
43
45
46
50
51
58
63
65
68
72
74
77
79
82
86
87
88
92
95
110
117
119
121
123
126
131
136
138
142
144
146
149
158
161
162
171
178
179
185
186
190
191
195
199
202
205
208
216
223
226
227
231
238
239
242
247
249
254
261
262
264
273
278
280
281
290
296
298
300
304
305
309
314
316
317
319
320
322
327
336
340
342
346
348
353
363
369
371
376
381
388
392
393
395
397
398
399
402
404
409
410
411
429
432
436
437
439
447
449
452
453
455
459
460
462
466
468
469
472
474
476
479
487
496
497
504
508
511
514
518
519
522
526
529
530
536
542
550
555
556
558
559
560
565
570
571
581
590
595
596
598
601
606
607
608
609
610
618
619
622
623
624
625
627
628
630
639
643
645
648
651
653
662
670
681
684
686
689
693
698
703
705
708
709
710
715
719
721
731
732
736
739
740
743
745
749
757
758
761
767
771
773
774
775
786
797
798
804
806
809
810
811
814
815
817
825
829
831
832
833
836
838
839
840
845
846
849
854
860
865
866
868
875
879
880
885
889
898
899
902
903
904
907
909
912
916
919
925
930
931
938
942
947
948
950
954
956
958
959
960
965
966
967
968
969
970
972
977
981
982
985
987
991
992
993
994
1001
1003
1009
1010
1014
1017
1021
1022
1033
1034
1037
1040
1044
1045
1046
1048
1055
1057
1059
1060
1061
1062
1064
1067
1068
1075
1077
1080
1083
1084
1085
1086
1087
1091
1098
1099
1100
1106
1116
1120
1127
1129
1134
1155
1160
1163
1164
1165
1170
1181
1184
1192
1194
1204
1208
1209
1217
1218
1219
1229
1230
1232
1234
1238
1240
1241
1254
1255
1256
1257
1258
1261
1274
1282
1286
1294
1295
1296
1300
1307
1310
1315
1319
1321
1327
1328
1332
1337
1339
1346
1347
1350
1354
1359
1362
1367
1374
1379
1381
1387
1392
1402
1406
1410
1413
1415
1420
1422
1423
1425
1429
1432
1438
1439
1444
1450
1455
1456
1461
1462
1466
1472
1477
1484
1486
1493
1495
1496
1497
1498
1501
1502
1504
1506
1507
1510
1512
1515
1517
1521
1526
1530
1534
1535
1537
1543
1544
1547
1554
1557
1559
1567
1571
1579
1583
1584
1587
1592
1594
1596
1603
1604
1610
1611
1614
1616
1617
1618
1624
1629
1630
1633
1636
1637
1642
1643
1651
1653
1654
1660
1668
1671
1672
1677
1684
1685
1690
1694
1698
1699
1700
1710
1711
1712
1718
1719
1723
1724
1732
1736
1737
1738
1739
1740
1741
1749
1752
1754
1756
1760
1764
1766
1768
1769
1770
1771
1772
1774
1777
1780
1781
1787
1789
1793
1798
1800
1804
1807
1810
1817
1819
1832
1844
1846
1847
1848
1854
1856
1857
1861
1863
1865
1866
1869
1873
1881
1889
1892
1895
1896
1899
1905
1906
1911
1912
1916
1918
1919
1921
1922
1928
1932
1934
1936
1939
1941
1946
1947
1950
1952
1953
1954
1958
1961
1967
1969
1971
1973
1976
1978
1979
1980
1982
1986
1991
1992
1993
1994
2014
2019
2020
2031
2042
2047
2048
2053
2056
2058
2061
2084
2088
2090
2092
2100
2105
2106
2109
2112
2114
2116
2118
2119
2125
2131
2134
2149
2152
2154
2156
2161
2162
2163
2170
2173
2174
2175
2179
2180
2181
2183
2184
2186
2188
2192
2196
2202
2213
2214
2218
2219
2223
2225
2226
2231
2234
2240
2241
2243
2255
2256
2258
2263
2266
2275
2277
2279
2281
2283
2286
2287
2289
2290
2291
2294
2295
2297
2306
2309
2313
2315
2320
2334
2336
2340
2344
2346
2350
2359
2363
2366
2377
2380
2387
2390
2391
2394
2401
2402
2406
2407
2408
2409
2420
2421
2422
2424
2425
2426
2428
2430
2431
2437
2438
2440
2441
2448
2450
2452
2456
2460
2462
2463
2469
2470
2471
2480
2481
2482
2483
2489
2492
2494
2495
2499
2502
2504
2505
2508
2511
2518
2524
2536
2548
2551
2557
2558
2559
2564
2565
2567
2572
2580
2581
2586
2588
2591
2592
2599
2602
2607
2612
2613
2625
2629
2630
2638
2641
2642
2644
2646
2650
2651
2655
2657
2658
2659
2664
2667
2672
2674
2676
2679
2696
2699
2701
2706
2712
2714
2718
2721
2722
2729
2731
2734
2735
2738
2742
2744
2750
2755
2757
2758
2761
2764
2767
2778
2780
2781
2797
2814
2818
2819
2820
2823
2825
2826
2827
2832
2835
2840
2843
2846
2848
2849
2855
2861
2862
2867
2872
2883
2888
2890
2892
2897
2902
2910
2914
2915
2917
2922
2930
2933
2938
2943
2944
2954
2955
2962
2963
2964
2967
2974
2975
2976
2977
2980
2983
2984
2992
2995
2996
3004
3005
3006
3009
3015
3018
3023
3024
3029
3030
3033
3035
3037
3039
3047
3051
3053
3054
3062
3069
3076
3079
3083
3085
3086
3096
3099
3100
3105
3107
3109
3114
3119
3121
3124
3131
3134
3141
3143
3148
3149
3152
3154
3159
3163
3172
3174
3175
3178
3184
3187
3194
3198
3202
3203
3208
3210
3231
3234
3244
3246
3247
3249
3250
3258
3264
3265
3266
3268
3270
3278
3283
3285
3289
3293
3298
3308
3314
3317
3319
3324
3332
3338
3341
3346
3347
3348
3349
3358
3369
3373
3375
3388
3393
3395
3396
3400
3401
3402
3406
3410
3411
3413
3418
3419
3420
3423
3427
3432
3433
3434
3438
3443
3449
3460
3461
3463
3464
3466
3467
3477
3480
3482
3483
3496
3497
3508
3509
3511
3514
3519
3520
3524
3525
3526
3533
3536
3537
3540
3546
3549
3550
3552
3559
3562
3563
3570
3574
3586
3587
3597
3598
3599
3605
3606
3607
3612
3614
3623
3625
3626
3627
3629
3633
3635
3638
3639
3640
3642
3648
3649
3653
3657
3658
3665
3667
3668
3669
3670
3675
3676
3682
3683
3684
3687
3688
3693
3694
3704
3705
3706
3707
3717
3720
3728
3729
3737
3744
3745
3750
3751
3752
3753
3759
3760
3765
3767
3769
3774
3777
3779
3784
3785
3790
3791
3792
3796
3798
3799
3800
3801
3808
3810
3811
3817
3823
3826
3832
3837
3840
3842
3843
3860
3862
3865
3867
3872
3887
3888
3891
3892
3893
3895
3900
3908
3910
3911
3916
3928
3932
3933
3935
3940
3941
3942
3943
3947
3948
3957
3970
3984
3985
3994
3996
3997
3998
3999
4002
4005
4010
4012
4015
4024
4027
4033
4034
4040
4042
4044
4050
4052
4057
4061
4062
4063
4065
4077
4080
4085
4088
4089
4091
4093
4094
4096
4097
4099
4100
4101
4108
4111
4114
4115
4118
4120
4125
4127
4128
4129
4135
4139
4141
4146
4147
4149
4153
4154
4159
4167
4171
4176
4181
4183
4190
4194
4195
4202
4204
4209
4219
4221
4222
4224
4231
4237
4241
4242
4245
4249
4250
4266
4268
4269
4272
4276
4283
4284
4286
4287
4290
4294
4296
4298
4302
4305
4306
4307
4314
4321
4324
4329
4332
4335
4338
4346
4357
4358
4370
4372
4373
4377
4381
4385
4388
4391
4395
4400
4402
4405
4411
4412
4413
4414
4415
4429
4432
4435
4436
4439
4454
4455
4456
4461
4465
4467
4472
4473
4474
4481
4484
4495
4499
4500
4501
4505
4507
4510
4512
4515
4517
4522
4528
4533
4535
4537
4538
4541
4546
4548
4551
4558
4562
4563
4569
4576
4579
4583
4591
4593
4594
4597
4598
4599
4602
4605
4610
4612
4616
4617
4620
4621
4622
4623
4628
4632
4634
4636
4638
4639
4650
4652
4653
4655
4659
4661
4666
4667
4676
4678
4684
4685
4695
4706
4713
4716
4717
4719
4723
4728
4730
4732
4735
4737
4738
4750
4754
4766
4768
4771
4777
4778
4779
4783
4785
4789
4791
4810
4813
4814
4815
4817
4820
4822
4823
4830
4832
4833
4836
4839
4841
4844
4847
4850
4858
4859
4871
4872
4876
4877
4884
4887
4890
4891
4893
4895
4898
4900
4902
4903
4904
4905
4912
4913
4918
4919
4921
4922
4924
4928
4931
4939
4943
4945
4950
4954
4955
4963
4964
4967
4969
4972
4974
4975
4978
4981
4997
4999
5001
5003
5005
5007
5009
5010
5012
5016
5017
5020
5026
5031
5032
5039
5044
5045
5046
5052
5055
5059
5062
5063
5064
5065
5067
5073
5077
5078
5079
5081
5083
5084
5088
5092
5096
5100
5101
5102
5104
5112
5114
5132
5135
5137
5143
5146
5147
5148
5149
5153
5154
5155
5157
5158
5161
5162
5164
5168
5171
5175
5176
5177
5179
5184
5186
5191
5192
5194
5195
5198
5199
5210
5212
5214
5219
5223
5225
5228
5240
5244
5247
5253
5254
5259
5274
5275
5282
5290
5291
5295
5304
5316
5332
5335
5337
5338
5341
5343
5345
5349
5354
5359
5360
5362
5366
5368
5375
5376
5378
5392
5395
5396
5397
5402
5405
5410
5417
5443
5444
5445
5446
5448
5449
5451
5452
5456
5459
5460
5463
5465
5467
5468
5471
5472
5474
5475
5478
5494
5495
5500
5505
5508
5509
5514
5517
5523
5529
5531
5533
5535
5536
5541
5542
5545
5546
5552
5572
5576
5578
5584
5586
5593
5595
5596
5603
5605
5608
5611
5613
5614
5625
5626
5630
5632
5633
5634
5638
5646
5647
5654
5655
5656
5660
5661
5664
5666
5669
5678
5682
5684
5685
5688
5692
5695
5699
5706
5708
5710
5713
5725
5728
5741
5743
5744
5748
5752
5754
5755
5758
5761
5762
5768
5769
5771
5780
5782
5784
5786
5789
5792
5795
5798
5804
5808
5812
5815
5817
5818
5822
5827
5832
5835
5840
5853
5854
5855
5858
5859
5861
5863
5867
5874
5875
5877
5880
5881
5893
5896
5902
5907
5914
5916
5917
5918
5919
5921
5924
5925
5934
5935
5937
5939
5944
5951
5957
5958
5959
5961
5963
5967
5968
5970
5973
5974
5976
5988
5989
5996
6000
6001
6006
6007
6008
6009
6012
6020
6022
6023
6024
6028
6032
6040
6045
6048
6061
6063
6064
6067
6075
6079
6080
6081
6082
6083
6086
6092
6094
6095
6097
6098
6100
6103
6104
6107
6114
6116
6118
6120
6122
6125
6128
6130
6133
6135
6142
6143
6147
6148
6149
6153
6154
6160
6162
6165
6169
6170
6175
6178
6179
6180
6181
6184
6190
6192
6194
6196
6198
6200
6202
6204
6207
6211
6217
6218
6221
6224
6229
6234
6242
6246
6248
6249
6250
6252
6266
6267
6269
6273
6274
6275
6277
6280
6286
6288
6292
6293
6299
6303
6309
6312
6315
6318
6319
6326
6330
6332
6335
6336
6337
6341
6342
6345
6349
6352
6361
6370
6374
6376
6380
6383
6385
6386
6388
6408
6409
6417
6418
6419
6423
6425
6429
6430
6436
6442
6452
6460
6465
6469
6472
6473
6477
6479
6484
6486
6493
6497
6501
6505
6506
6508
6510
6512
6515
6516
6520
6532
6534
6542
6550
6557
6560
6562
6563
6565
6567
6580
6582
6583
6588
6592
6595
6597
6599
6600
6612
6613
6614
6617
6622
6624
6628
6631
6633
6634
6636
6637
6639
6640
6642
6650
6652
6659
6664
6669
6670
6672
6679
6685
6690
6697
6698
6700
6705
6706
6707
6709
6712
6717
6718
6725
6729
6732
6733
6737
6740
6743
6746
6749
6752
6753
6754
6763
6765
6767
6780
6781
6784
6786
6788
6789
6790
6799
6800
6807
6809
6810
6812
6820
6825
6834
6838
6839
6843
6845
6847
6853
6854
6856
6858
6864
6869
6877
6879
6881
6882
6886
6889
6891
6900
6903
6908
6911
6912
6914
6915
6922
6923
6926
6931
6937
6946
6947
6951
6952
6955
6956
6959
6962
6967
6969
6973
6974
6977
6978
6980
6982
6985
6986
6991
6994
7001
7004
7007
7023
7024
7030
7032
7036
7038
7041
7044
7047
7051
7053
7055
7058
7059
7065
7068
7072
7081
7089
7092
7094
7100
7106
7107
7110
7113
7114
7122
7129
7131
7132
7137
7144
7149
7151
7154
7158
7160
7161
7168
7169
7178
7180
7181
7185
7186
7193
7199
7205
7213
7214
7216
7218
7221
7225
7234
7235
7236
7237
7238
7239
7244
7248
7251
7256
7258
7260
7261
7262
7266
7269
7271
7272
7274
7275
7277
7280
7284
7287
7291
7298
7301
7303
7312
7313
7316
7318
7321
7326
7333
7334
7337
7338
7341
7343
7345
7348
7354
7355
7356
7360
7363
7365
7367
7368
7374
7377
7380
7382
7386
7387
7388
7389
7390
7391
7392
7393
7397
7401
7402
7404
7405
7406
7413
7414
7417
7429
7430
7431
7435
7440
7442
7445
7453
7457
7458
7462
7468
7469
7478
7480
7482
7486
7488
7493
7499
7501
7502
7504
7506
7510
7512
7519
7522
7523
7528
7529
7532
7541
7545
7550
7552
7555
7556
7557
7560
7563
7569
7580
7582
7583
7588
7589
7592
7597
7601
7603
7605
7609
7614
7618
7624
7625
7626
7629
7632
7633
7635
7639
7641
7647
7650
7651
7657
7658
7659
7660
7662
7666
7669
7670
7671
7673
7675
7678
7682
7684
7693
7699
7701
7702
7704
7708
7710
7714
7722
7724
7734
7737
7738
7742
7745
7751
7755
7757
7762
7766
7776
7780
7782
7784
7791
7793
7795
7801
7807
7809
7811
7818
7819
7825
7828
7835
7837
7849
7854
7862
7864
7872
7876
7880
7884
7887
7892
7894
7899
7901
7902
7905
7908
7910
7911
7917
7925
7928
7930
7933
7937
7938
7939
7948
7951
7956
7957
7968
7975
7976
7980
7994
7996
7998
7999
8000
8004
8009
8012
8021
8027
8028
8030
8032
8036
8038
8045
8047
8051
8053
8054
8055
8056
8058
8066
8073
8076
8080
8083
8088
8092
8093
8097
8099
8101
8103
8106
8107
8108
8110
8118
8122
8129
8131
8136
8142
8146
8151
8155
8157
8165
8174
8175
8178
8188
8189
8190
8192
8199
8206
8212
8221
8222
8226
8232
8233
8238
8239
8241
8244
8245
8247
8250
8251
8253
8255
8257
8259
8260
8262
8266
8274
8277
8280
8283
8291
8295
8296
8310
8311
8312
8315
8317
8318
8320
8325
8331
8335
8338
8344
8345
8348
8350
8351
8352
8355
8359
8362
8366
8368
8370
8373
8375
8376
8377
8386
8388
8390
8394
8396
8398
8399
8407
8409
8410
8411
8413
8415
8421
8429
8430
8431
8437
8444
8451
8457
8460
8468
8476
8478
8480
8483
8486
8499
8509
8511
8519
8525
8526
8527
8530
8532
8536
8538
8540
8543
8547
8549
8550
8554
8560
8561
8566
8568
8576
8579
8580
8582
8584
8588
8598
8600
8606
8611
8612
8613
8616
8619
8626
8629
8636
8641
8643
8644
8646
8656
8658
8660
8662
8663
8666
8670
8673
8674
8678
8685
8686
8690
8692
8693
8698
8704
8706
8707
8712
8714
8716
8717
8720
8724
8725
8727
8729
8733
8735
8739
8742
8743
8744
8748
8751
8752
8757
8760
8763
8767
8787
8792
8794
8808
8811
8813
8816
8819
8821
8822
8823
8826
8832
8834
8835
8836
8838
8841
8854
8856
8858
8865
8867
8878
8889
8890
8891
8892
8894
8896
8897
8898
8903
8907
8913
8916
8923
8933
8941
8943
8944
8955
8960
8962
8963
8965
8967
8969
8974
8975
8980
8985
8997
8999
9000
9005
9008
9010
9012
9019
9021
9022
9032
9036
9037
9041
9043
9044
9047
9052
9063
9066
9076
9077
9080
9084
9087
9091
9092
9095
9096
9097
9101
9105
9116
9117
9120
9121
9129
9131
9132
9136
9137
9142
9143
9149
9150
9154
9158
9160
9171
9174
9180
9181
9188
9192
9195
9197
9198
9200
9202
9204
9205
9206
9209
9211
9214
9216
9220
9222
9228
9238
9241
9244
9248
9252
9253
9264
9267
9268
9269
9274
9277
9278
9280
9285
9288
9290
9294
9302
9306
9307
9314
9315
9319
9320
9328
9330
9335
9338
9341
9345
9346
9348
9349
9350
9363
9364
9366
9370
9377
9378
9379
9384
9386
9396
9397
9401
9402
9403
9413
9414
9417
9420
9422
9424
9425
9432
9435
9439
9441
9442
9443
9444
9452
9453
9458
9465
9469
9470
9474
9479
9480
9484
9488
9489
9498
9500
9501
9502
9506
9509
9512
9515
9516
9523
9525
9526
9527
9531
9533
9535
9539
9540
9544
9545
9548
9552
9553
9562
9566
9573
9580
9583
9590
9593
9594
9596
9597
9607
9611
9617
9622
9626
9627
9629
9633
9640
9641
9642
9643
9655
9658
9659
9661
9672
9683
9684
9685
9690
9691
9693
9694
9696
9703
9705
9706
9709
9710
9711
9716
9719
9721
9730
9732
9738
9741
9742
9743
9748
9753
9760
9761
9764
9770
9773
9774
9786
9798
9800
9801
9804
9807
9809
9817
9825
9828
9830
9832
9833
9836
9837
9840
9843
9846
9848
9852
9855
9857
9859
9860
9864
9867
9873
9882
9884
9887
9888
9889
9894
9901
9905
9907
9913
9915
9918
9919
9923
9926
9929
9931
9934
9938
9944
9946
9949
9955
9956
9959
9960
9961
9962
9964
9965
9969
9972
9975
9978
9981
9982
9987
9993
9997
9999
10007
10016
10018
10023
10025
10029
10030
10031
10032
10036
10041
10042
10047
10059
10064
10065
10070
10074
10077
10078
10079
10082
10085
10086
10087
10089
10094
10097
10098
10099
10105
10110
10115
10120
10125
10127
10129
10131
10132
10134
10136
10142
10145
10147
10151
10158
10161
10162
10167
10169
10170
10172
10175
10176
10178
10193
10195
10196
10200
10203
10204
10205
10207
10211
10213
10217
10219
10220
10222
10223
10226
10230
10234
10241
10244
10246
10248
10250
10255
10256
10257
10261
10262
10272
10274
10276
10283
10285
10288
10296
10299
10301
10306
10308
10310
10313
10315
10317
10318
10321
10328
10331
10332
10335
10336
10338
10342
10343
10353
10354
10355
10361
10362
10366
10371
10373
10376
10382
10389
10402
10404
10405
10406
10410
10411
10412
10415
10421
10424
10426
10427
10430
10431
10435
10439
10443
10444
10449
10450
10451
10452
10460
10463
10464
10477
10481
10482
10485
10490
10492
10498
10506
10507
10508
10510
10511
10513
10514
10515
10517
10519
10524
10527
10530
10536
10539
10541
10542
10545
10546
10550
10551
10564
10565
10566
10572
10575
10576
10579
10580
10581
10584
10585
10589
10592
10593
10595
10596
10597
10601
10603
10612
10618
10619
10621
10627
10629
10632
10633
10636
10638
10642
10649
10653
10655
10658
10659
10661
10662
10672
10674
10684
10685
10690
10691
10698
10703
10706
10711
10713
10718
10727
10729
10730
10732
10734
10739
10740
10741
10748
10751
10758
10759
10762
10763
10766
10769
10773
10774
10775
10802
10804
10806
10807
10809
10814
10816
10822
10823
10826
10827
10829
10834
10835
10838
10840
10844
10848
10849
10850
10851
10859
10860
10861
10871
10873
10875
10876
10877
10878
10881
10882
10884
10887
10894
10899
10902
10904
10905
10906
10907
10915
10916
10919
10920
10931
10932
10937
10940
10942
10943
10944
10945
10946
10949
10951
10954
10958
10960
10961
10964
10968
10969
10971
10974
10976
10979
10986
10988
10990
10992
10993
10994
10996
10998
11005
11013
11014
11015
11016
11022
11023
11024
11025
11026
11027
11029
11031
11033
11034
11035
11036
11044
11045
11053
11056
11058
11065
11067
11069
11082
11084
11088
11089
11091
11094
11096
11103
11105
11110
11111
11112
11113
11128
11130
11132
11144
11154
11156
11160
11164
11172
11174
11177
11178
11183
11185
11189
11192
11200
11206
11214
11218
11219
11223
11228
11230
11232
11233
11239
11240
11241
11245
11248
11251
11252
11261
11262
11263
11264
11267
11270
11279
11280
11282
11283
11286
11287
11288
11294
11302
11306
11312
11314
11318
11328
11329
11333
11339
11345
11347
11353
11356
11364
11365
11372
11374
11375
11377
11379
11380
11381
11388
11393
11397
11401
11405
11407
11408
11415
11417
11418
11423
