1
7
11
13
42
44
67
84
98
102
109
111
124
135
143
147
153
155
174
176
177
194
220
225
228
241
245
246
284
307
349
359
365
370
372
375
382
391
394
400
403
417
421
427
435
438
461
464
478
482
501
507
512
517
521
538
543
548
551
552
575
592
600
626
629
633
663
672
679
680
694
695
707
744
762
768
837
842
861
871
876
878
891
892
900
911
923
928
975
997
1026
1072
1074
1081
1088
1107
1112
1115
1128
1132
1139
1142
1146
1150
1153
1171
1175
1185
1188
1199
1224
1244
1249
1275
1288
1291
1298
1309
1322
1331
1342
1360
1368
1421
1436
1440
1449
1452
1464
1467
1475
1482
1520
1538
1555
1569
1575
1582
1593
1612
1622
1635
1639
1640
1644
1647
1661
1664
1687
1731
1747
1761
1783
1784
1788
1795
1797
1799
1805
1837
1859
1864
1880
1883
1901
1903
1915
1925
1929
1931
1955
1964
1975
1985
1989
1990
2004
2007
2010
2026
2038
2043
2067
2124
2132
2145
2167
2176
2177
2191
2195
2203
2207
2220
2221
2257
2259
2270
2296
2300
2312
2322
2332
2339
2370
2374
2382
2404
2413
2417
2427
2429
2432
2451
2455
2467
2473
2484
2496
2498
2506
2517
2525
2529
2530
2532
2537
2538
2542
2553
2563
2578
2582
2593
2603
2606
2608
2614
2632
2633
2647
2675
2689
2708
2739
2768
2769
2794
2802
2806
2811
2812
2834
2837
2844
2863
2870
2874
2881
2895
2932
2950
2966
2973
2978
2988
2999
3008
3016
3056
3070
3078
3098
3130
3140
3151
3162
3170
3176
3190
3196
3220
3228
3238
3240
3251
3294
3304
3333
3352
3353
3361
3366
3390
3398
3422
3435
3440
3444
3448
3453
3470
3473
3487
3492
3501
3506
3513
3521
3527
3542
3579
3590
3592
3630
3632
3636
3695
3703
3711
3712
3714
3722
3723
3731
3757
3782
3787
3795
3797
3816
3818
3830
3836
3838
3849
3866
3871
3876
3925
3929
3936
3950
3982
4000
4006
4017
4038
4067
4079
4109
4110
4130
4156
4158
4166
4182
4191
4252
4257
4262
4279
4299
4315
4319
4326
4344
4362
4367
4375
4399
4407
4410
4417
4434
4440
4453
4466
4470
4493
4496
4503
4514
4527
4534
4536
4543
4547
4553
4556
4575
4581
4596
4611
4613
4626
4645
4671
4688
4690
4698
4746
4758
4763
4774
4784
4786
4797
4800
4818
4842
4867
4868
4881
4889
4897
4906
4920
4923
4929
4935
4941
4979
4983
4985
4988
5002
5018
5034
5038
5051
5069
5085
5090
5113
5119
5120
5122
5181
5185
5189
5203
5207
5230
5232
5233
5241
5248
5263
5264
5307
5313
5319
5321
5331
5365
5381
5384
5386
5387
5388
5414
5423
5425
5426
5434
5442
5457
5464
5469
5479
5498
5499
5503
5516
5519
5525
5540
5548
5556
5563
5564
5568
5588
5591
5601
5602
5615
5636
5640
5643
5644
5653
5657
5667
5679
5691
5712
5716
5723
5730
5731
5732
5734
5740
5756
5760
5775
5834
5841
5843
5846
5852
5856
5879
5887
5888
5890
5892
5923
5929
5932
5941
5955
5990
5992
5998
6002
6005
6021
6030
6036
6044
6052
6056
6070
6087
6099
6110
6111
6124
6139
6171
6173
6177
6189
6199
6203
6225
6238
6243
6270
6272
6289
6304
6307
6351
6372
6384
6393
6398
6404
6405
6411
6422
6428
6439
6441
6443
6455
6467
6470
6476
6521
6523
6531
6551
6553
6564
6568
6574
6575
6585
6611
6620
6635
6645
6648
6654
6661
6708
6710
6715
6721
6726
6742
6751
6764
6778
6848
6868
6883
6884
6892
6913
6920
6927
6990
6992
7009
7010
7012
7014
7016
7039
7042
7043
7045
7057
7062
7069
7080
7090
7104
7118
7119
7126
7130
7138
7145
7162
7163
7166
7179
7188
7189
7194
7204
7224
7226
7230
7245
7246
7257
7264
7265
7273
7279
7294
7296
7332
7349
7362
7385
7407
7412
7420
7433
7441
7456
7473
7491
7492
7498
7503
7505
7533
7537
7540
7571
7572
7602
7606
7613
7622
7644
7645
7665
7687
7697
7709
7768
7777
7836
7844
7847
7855
7883
7895
7898
7900
7904
7909
7916
7927
7931
7967
7990
8014
8060
8111
8121
8140
8147
8154
8164
8179
8186
8187
8195
8207
8213
8235
8261
8268
8290
8294
8297
8298
8314
8319
8328
8329
8330
8337
8339
8347
8356
8361
8378
8380
8383
8395
8408
8423
8427
8446
8455
8471
8477
8485
8489
8497
8506
8510
8517
8537
8548
8556
8557
8586
8591
8593
8608
8610
8624
8653
8669
8677
8689
8719
8759
8761
8778
8780
8782
8790
8793
8803
8804
8817
8824
8843
8847
8851
8857
8874
8875
8877
8918
8927
8928
8945
8951
8956
8957
8964
8968
8977
8978
8984
8986
8990
8992
8993
8996
9024
9042
9070
9079
9093
9094
9106
9113
9134
9147
9148
9152
9230
9232
9234
9243
9247
9255
9263
9272
9293
9295
9310
9323
9331
9336
9339
9343
9347
9356
9359
9371
9372
9383
9385
9388
9391
9394
9408
9409
9436
9445
9446
9456
9457
9460
9461
9467
9504
9510
9514
9518
9530
9547
9549
9551
9554
9559
9565
9585
9606
9620
9625
9635
9638
9660
9679
9700
9736
9771
9777
9785
9787
9794
9797
9813
9831
9844
9851
9854
9861
9892
9893
9896
9899
9903
9914
9916
9922
9928
9933
9996
10000
10027
10033
10039
10044
10066
10073
10101
10113
10117
10119
10121
10128
10137
10138
10140
10141
10165
10166
10168
10186
10197
10208
10216
10227
10236
10240
10245
10287
10304
10326
10339
10341
10351
10352
10363
10391
10395
10417
10419
10438
10455
10458
10469
10473
10474
10475
10494
10509
10531
10534
10559
10567
10574
10599
10600
10615
10623
10634
10647
10667
10671
10677
10687
10689
10701
10704
10712
10720
10721
10743
10754
10770
10777
10795
10819
10820
10821
10825
10839
10863
10892
10930
10934
10935
10941
10947
10952
10978
10984
10985
11002
11008
11009
11010
11018
11055
11066
11078
11092
11095
11097
11099
11116
11118
11119
11125
11141
11142
11145
11146
11157
11158
11159
11184
11186
11201
11217
11235
11257
11271
11272
11296
11300
11305
11308
11320
11346
11354
11373
11391
11392
11396
11411
11420
