189
315
448
486
520
545
557
582
640
706
791
877
1201
1416
1499
1529
1782
2200
2252
2269
2386
2435
2531
2543
2573
2663
3082
3088
3168
3211
3260
3300
3357
3372
3557
3647
3793
3915
3953
4122
4143
4162
4230
4320
4600
4665
4748
4894
4917
4970
5246
5330
5504
5763
5862
6065
6144
6163
6298
6524
6541
6719
6793
7021
7103
7184
7450
7534
7562
7717
7774
7805
7813
7873
7923
8132
8138
8234
8285
8607
8630
8722
8750
8797
8895
8947
9110
9254
9543
9591
9599
9724
9781
9908
9925
9971
10040
10091
10280
10295
10454
10643
10761
10808
10858
10867
10900
10909
10939
11021
11100
11260
11265
11295
